10
5
50
7
1
3
4
5
6
7
10
3
2
8
9
0 1 77 5
0 2 80 7
0 3 61 12
0 4 48 4
0 5 53 8
0 6 89 2
0 7 31 8
0 8 22 6
0 9 16 5
0 10 56 3
1 2 109 6
1 3 67 7
1 4 29 1
1 5 29 5
1 6 75 5
1 7 86 4
1 8 92 10
1 9 62 2
1 10 23 8
2 3 106 12
2 4 84 5
2 5 89 9
2 6 130 7
2 7 76 9
2 8 67 6
2 9 83 4
2 10 86 4
3 4 57 8
3 5 52 12
3 6 103 12
3 7 34 10
3 8 39 6
3 9 67 9
3 10 46 9
4 5 5 4
4 6 46 4
4 7 64 4
4 8 63 9
4 9 33 1
4 10 11 7
5 6 51 8
5 7 66 8
5 8 68 13
5 9 38 5
5 10 6 10
6 7 101 8
6 8 98 8
6 9 77 3
6 10 57 5
7 8 9 7
7 9 33 5
7 10 72 10
8 9 36 8
8 10 71 3
9 10 44 8
