10
5
50
7
1
3
4
5
6
7
10
3
2
8
9
0 2 80 9
0 4 48 4
0 6 89 2
0 8 22 6
0 9 16 5
0 10 56 3
1 3 67 7
1 4 29 1
1 7 86 4
1 10 23 10
2 4 84 10
2 8 67 6
2 9 83 4
2 10 86 4
3 7 34 10
3 8 39 6
3 10 46 10
4 5 5 4
4 6 46 5
4 7 64 4
4 8 63 10
4 9 33 1
5 7 66 10
5 10 6 10
6 7 101 8
6 8 98 10
6 9 77 3
7 8 9 7
7 9 33 7
8 9 36 8
8 10 71 3
0 1 1000000 1000000
0 3 1000000 1000000
0 5 1000000 1000000
0 7 1000000 1000000
1 2 1000000 1000000
1 5 1000000 1000000
1 6 1000000 1000000
1 8 1000000 1000000
1 9 1000000 1000000
2 3 1000000 1000000
2 5 1000000 1000000
2 6 1000000 1000000
2 7 1000000 1000000
3 4 1000000 1000000
3 5 1000000 1000000
3 6 1000000 1000000
3 9 1000000 1000000
4 10 1000000 1000000
5 6 1000000 1000000
5 8 1000000 1000000
5 9 1000000 1000000
6 10 1000000 1000000
7 10 1000000 1000000
9 10 1000000 1000000
