10
5
50
7
1
3
4
5
6
7
10
3
2
8
9
0 1 77 1000000
0 2 80 9
0 3 61 1000000
0 4 48 4
0 5 53 1000000
0 6 89 2
0 7 31 1000000
0 8 22 6
0 9 16 5
0 10 56 3
1 2 109 1000000
1 3 67 7
1 4 29 1
1 5 29 1000000
1 6 75 1000000
1 7 86 4
1 8 92 1000000
1 9 62 1000000
1 10 23 10
2 3 106 1000000
2 4 84 10
2 5 89 1000000
2 6 130 1000000
2 7 76 1000000
2 8 67 6
2 9 83 4
2 10 86 4
3 4 57 1000000
3 5 52 1000000
3 6 103 1000000
3 7 34 10
3 8 39 6
3 9 67 1000000
3 10 46 10
4 5 5 4
4 6 46 5
4 7 64 4
4 8 63 10
4 9 33 1
4 10 11 1000000
5 6 51 1000000
5 7 66 10
5 8 68 1000000
5 9 38 1000000
5 10 6 10
6 7 101 8
6 8 98 10
6 9 77 3
6 10 57 1000000
7 8 9 7
7 9 33 7
7 10 72 1000000
8 9 36 8
8 10 71 3
9 10 44 1000000
