500
5
15
20
17
35
66
73
82
90
186
262
344
355
357
371
423
425
467
468
470
487
492
498
30
6
10
11
31
47
63
64
121
167
180
193
205
230
249
259
261
270
271
281
297
318
327
331
340
359
372
382
398
450
463
0 212 328 328
0 345 654 654
0 459 564 564
1 16 313 313
1 336 184 184
1 390 426 426
2 119 523 523
2 164 464 464
2 357 197 197
2 418 572 572
2 442 311 311
3 339 839 839
3 350 771 771
3 385 993 993
4 73 529 529
5 36 441 441
5 110 633 633
5 235 263 263
5 345 428 428
5 418 451 451
6 29 185 185
6 137 416 416
6 141 248 248
6 351 389 389
7 112 419 419
7 273 818 818
7 278 268 268
7 430 591 591
7 449 664 664
8 30 397 397
9 12 359 359
9 26 358 358
9 253 743 743
9 326 211 211
9 461 371 371
10 180 375 375
10 237 170 170
10 408 392 392
11 49 428 428
11 79 258 258
11 427 361 361
12 40 355 355
12 76 469 469
12 86 773 773
12 163 787 787
12 411 740 740
12 460 477 477
12 476 566 566
13 74 639 639
13 312 805 805
13 385 1153 1153
13 454 759 759
13 458 1011 1011
13 476 624 624
14 169 644 644
14 293 835 835
15 297 487 487
15 308 106 106
15 428 565 565
15 447 475 475
16 19 574 574
16 94 415 415
16 123 687 687
16 146 551 551
16 255 429 429
16 258 546 546
16 357 366 366
16 487 505 505
16 495 723 723
17 85 167 167
17 158 462 462
17 176 242 242
18 164 706 706
18 385 339 339
18 443 703 703
19 271 434 434
19 328 695 695
19 342 400 400
19 383 585 585
20 369 800 800
21 34 689 689
21 124 656 656
21 129 375 375
21 419 761 761
22 75 499 499
22 175 390 390
22 309 61 61
22 325 515 515
22 375 565 565
22 409 481 481
23 168 325 325
23 332 107 107
23 495 585 585
24 43 212 212
24 58 434 434
24 132 174 174
24 254 205 205
24 287 529 529
24 321 473 473
24 401 598 598
24 407 494 494
25 72 282 282
25 88 236 236
25 93 387 387
25 129 454 454
25 243 665 665
25 485 601 601
26 46 494 494
26 259 604 604
26 366 450 450
26 398 723 723
26 406 134 134
27 119 264 264
27 167 811 811
27 225 862 862
27 281 183 183
27 303 686 686
27 330 856 856
27 438 119 119
28 199 745 745
28 331 253 253
29 109 69 69
29 359 648 648
29 466 766 766
30 108 719 719
30 123 224 224
30 145 116 116
30 185 1037 1037
30 246 1140 1140
30 385 917 917
30 392 367 367
30 495 755 755
31 107 445 445
31 172 484 484
31 181 378 378
31 271 514 514
31 473 365 365
31 483 175 175
32 196 744 744
32 345 753 753
32 475 604 604
33 151 406 406
33 168 89 89
33 191 389 389
33 224 238 238
33 342 274 274
33 449 210 210
34 144 616 616
34 224 284 284
34 248 619 619
35 65 934 934
35 202 484 484
35 289 290 290
35 437 892 892
35 442 591 591
35 472 665 665
36 58 516 516
36 68 556 556
36 112 393 393
36 253 514 514
37 381 883 883
38 41 409 409
38 213 564 564
38 270 253 253
38 406 401 401
39 50 404 404
39 106 421 421
39 253 764 764
39 305 202 202
40 227 615 615
40 382 774 774
41 53 836 836
41 57 803 803
41 68 205 205
41 85 549 549
41 166 168 168
41 176 604 604
41 232 586 586
41 257 507 507
41 410 353 353
42 66 720 720
42 116 429 429
42 203 865 865
42 227 1042 1042
42 352 153 153
42 356 196 196
42 415 703 703
42 458 617 617
43 334 418 418
43 404 1000 1000
44 48 508 508
44 133 890 890
44 342 322 322
44 471 865 865
45 89 844 844
45 121 61 61
45 200 350 350
45 334 279 279
45 360 441 441
46 62 931 931
46 138 227 227
46 280 879 879
46 375 346 346
46 417 265 265
46 460 714 714
46 480 397 397
47 95 146 146
47 483 698 698
48 136 673 673
48 211 722 722
48 212 587 587
48 304 400 400
48 426 920 920
49 53 582 582
49 72 651 651
49 191 442 442
49 234 496 496
49 250 416 416
49 330 553 553
49 376 603 603
50 114 375 375
50 127 395 395
50 170 619 619
50 192 346 346
50 279 122 122
50 315 427 427
50 391 592 592
50 401 264 264
50 459 537 537
51 104 257 257
51 112 146 146
51 117 386 386
51 118 271 271
51 134 408 408
51 153 437 437
51 270 550 550
51 296 553 553
51 305 490 490
51 421 303 303
52 93 355 355
52 128 655 655
52 248 513 513
52 342 304 304
52 452 594 594
53 86 651 651
53 273 717 717
53 315 195 195
53 418 882 882
54 77 428 428
54 264 528 528
54 330 256 256
54 393 289 289
55 64 680 680
55 115 1034 1034
55 167 970 970
56 88 1086 1086
56 110 948 948
56 143 517 517
56 320 942 942
56 383 350 350
57 137 238 238
57 210 671 671
57 271 529 529
58 79 674 674
58 80 268 268
58 247 660 660
58 260 474 474
58 313 69 69
58 340 663 663
58 391 940 940
59 112 644 644
59 135 780 780
59 249 777 777
59 273 986 986
60 175 432 432
60 317 763 763
61 153 451 451
61 177 712 712
61 187 1041 1041
61 445 916 916
62 162 955 955
62 194 687 687
62 314 870 870
62 392 200 200
63 158 680 680
63 216 152 152
64 66 325 325
64 115 976 976
64 271 199 199
64 416 733 733
65 442 474 474
66 148 740 740
66 187 244 244
66 422 731 731
66 459 632 632
67 292 397 397
67 389 430 430
67 414 303 303
68 116 325 325
68 230 817 817
68 238 753 753
68 273 483 483
68 280 312 312
68 289 712 712
68 310 803 803
68 397 948 948
68 434 471 471
69 97 288 288
69 115 1016 1016
69 123 819 819
70 212 327 327
70 368 667 667
70 447 300 300
70 478 168 168
71 179 639 639
71 193 404 404
71 206 738 738
72 359 860 860
72 483 213 213
73 125 598 598
73 158 633 633
73 229 448 448
73 242 718 718
73 354 477 477
73 415 539 539
73 442 321 321
74 109 619 619
74 441 245 245
75 221 903 903
75 319 287 287
75 378 865 865
75 403 68 68
75 453 587 587
76 296 509 509
76 359 441 441
76 475 117 117
77 103 239 239
77 167 577 577
77 265 467 467
77 272 412 412
77 341 478 478
77 356 410 410
77 427 120 120
77 481 250 250
78 338 879 879
78 380 526 526
78 497 497 497
79 184 583 583
79 207 781 781
79 265 546 546
79 266 612 612
80 82 245 245
81 220 691 691
81 261 445 445
81 342 678 678
81 361 488 488
81 444 948 948
82 288 229 229
82 386 71 71
83 96 946 946
83 164 522 522
83 241 236 236
83 342 470 470
83 414 842 842
83 431 376 376
83 489 406 406
84 116 500 500
84 160 729 729
84 357 128 128
84 384 973 973
85 410 433 433
85 424 507 507
86 198 469 469
86 206 168 168
86 247 342 342
86 466 269 269
86 470 277 277
87 107 911 911
87 168 489 489
87 219 503 503
88 143 607 607
88 148 37 37
88 186 675 675
88 277 509 509
88 490 823 823
88 498 994 994
89 317 914 914
89 408 471 471
89 464 335 335
90 148 1057 1057
90 387 719 719
90 413 250 250
90 421 470 470
91 220 664 664
91 242 582 582
91 260 440 440
91 366 123 123
91 480 365 365
91 493 556 556
92 219 389 389
92 263 424 424
92 280 345 345
92 282 434 434
93 97 369 369
93 175 107 107
93 178 88 88
93 211 457 457
93 267 561 561
93 283 185 185
93 421 240 240
93 451 280 280
94 148 97 97
94 263 1062 1062
94 396 593 593
94 479 448 448
95 168 460 460
95 332 379 379
96 195 432 432
96 497 94 94
97 396 672 672
98 140 212 212
98 195 588 588
98 266 549 549
98 285 610 610
99 127 362 362
99 181 351 351
99 321 178 178
99 499 354 354
100 108 757 757
100 278 571 571
100 347 724 724
101 139 235 235
101 153 665 665
101 320 870 870
101 399 793 793
101 407 1074 1074
102 122 878 878
102 433 310 310
103 175 232 232
103 296 736 736
103 317 687 687
103 360 149 149
103 395 209 209
103 469 352 352
104 107 1077 1077
104 200 649 649
104 298 334 334
104 309 623 623
104 333 398 398
104 364 647 647
104 425 394 394
105 110 826 826
105 199 926 926
105 288 288 288
105 347 184 184
105 390 628 628
105 393 596 596
106 110 37 37
106 126 468 468
106 138 224 224
106 223 649 649
106 449 92 92
107 114 982 982
107 188 712 712
107 197 913 913
107 219 1182 1182
107 405 925 925
108 175 236 236
108 177 131 131
108 229 305 305
108 413 308 308
108 448 525 525
109 159 492 492
109 241 746 746
109 339 708 708
109 478 352 352
110 162 52 52
110 295 611 611
110 315 153 153
110 372 97 97
110 380 846 846
110 387 223 223
110 442 401 401
110 447 234 234
110 486 888 888
111 458 622 622
111 472 340 340
111 477 122 122
113 231 1085 1085
113 313 287 287
113 321 867 867
114 192 712 712
114 200 557 557
114 224 536 536
114 408 371 371
115 123 798 798
115 285 1268 1268
116 353 441 441
116 468 405 405
116 485 494 494
117 126 410 410
118 188 980 980
118 353 378 378
118 383 58 58
118 447 607 607
118 483 717 717
119 218 289 289
119 390 643 643
120 355 696 696
120 452 539 539
121 186 406 406
121 490 806 806
122 193 378 378
122 214 461 461
122 300 387 387
122 334 775 775
123 498 903 903
124 401 607 607
125 141 457 457
125 317 256 256
125 469 393 393
126 143 165 165
126 170 672 672
126 309 339 339
127 231 443 443
127 241 586 586
128 190 160 160
128 193 588 588
128 418 1106 1106
129 372 439 439
129 484 486 486
130 155 547 547
130 284 726 726
130 480 132 132
131 243 948 948
131 302 687 687
131 359 336 336
131 472 491 491
131 494 1067 1067
132 136 352 352
132 220 882 882
132 243 476 476
132 414 226 226
132 484 930 930
132 487 168 168
133 156 688 688
133 291 143 143
133 300 630 630
133 322 586 586
134 205 706 706
134 207 744 744
134 352 192 192
134 396 740 740
134 444 276 276
135 209 497 497
135 306 228 228
135 427 275 275
135 445 454 454
135 453 173 173
135 478 623 623
136 217 403 403
136 418 654 654
137 237 496 496
137 311 192 192
137 342 385 385
137 458 265 265
137 472 23 23
138 194 495 495
138 210 772 772
138 424 913 913
138 496 453 453
139 195 275 275
139 218 838 838
139 303 292 292
139 385 1037 1037
139 484 496 496
139 488 646 646
139 496 915 915
140 151 182 182
140 219 432 432
140 320 712 712
140 351 478 478
140 420 354 354
141 311 95 95
142 302 637 637
143 267 559 559
143 388 386 386
143 421 119 119
143 436 370 370
144 219 754 754
144 350 345 345
144 377 547 547
144 385 347 347
144 431 365 365
144 491 785 785
145 292 541 541
145 358 911 911
145 414 796 796
146 298 299 299
146 453 559 559
146 479 1056 1056
146 480 976 976
147 197 164 164
147 244 856 856
147 279 728 728
147 425 691 691
148 187 953 953
148 223 841 841
148 244 87 87
148 262 736 736
148 299 831 831
149 234 586 586
149 316 479 479
149 424 147 147
150 215 627 627
150 256 475 475
150 397 237 237
150 405 819 819
150 416 687 687
151 282 534 534
152 235 1028 1028
153 242 629 629
153 274 653 653
153 392 655 655
153 400 652 652
153 421 288 288
154 369 620 620
154 403 223 223
154 489 525 525
155 160 606 606
156 205 586 586
156 383 335 335
156 398 764 764
156 488 733 733
158 169 871 871
158 192 641 641
158 216 704 704
158 239 1107 1107
158 264 595 595
159 438 304 304
159 440 694 694
160 166 227 227
160 215 138 138
160 335 718 718
160 394 200 200
162 173 708 708
162 291 148 148
162 353 769 769
162 417 276 276
162 466 777 777
163 315 231 231
163 337 261 261
164 179 384 384
164 199 683 683
164 350 526 526
164 442 210 210
164 499 112 112
165 186 335 335
165 255 271 271
165 496 747 747
166 178 245 245
167 267 70 70
167 282 387 387
169 204 815 815
169 350 717 717
169 362 619 619
170 214 113 113
170 262 72 72
170 346 927 927
170 437 653 653
171 216 336 336
172 483 554 554
173 405 72 72
174 184 164 164
174 408 241 241
175 232 271 271
175 316 385 385
175 374 348 348
175 407 663 663
175 417 339 339
176 178 209 209
176 217 305 305
176 454 575 575
177 486 414 414
178 495 645 645
179 188 853 853
179 257 248 248
179 284 746 746
179 287 291 291
179 353 590 590
179 419 338 338
180 275 795 795
180 442 639 639
180 463 634 634
180 464 863 863
181 227 789 789
181 387 393 393
182 226 670 670
182 278 160 160
182 413 301 301
182 484 240 240
183 203 665 665
183 397 883 883
184 489 531 531
185 383 292 292
185 391 249 249
185 419 542 542
185 441 405 405
186 397 782 782
187 287 922 922
187 381 446 446
187 442 433 433
188 279 442 442
188 417 707 707
189 410 939 939
189 489 667 667
190 266 970 970
190 302 666 666
190 405 1161 1161
190 496 1024 1024
191 217 634 634
191 261 981 981
191 314 138 138
191 393 506 506
191 425 831 831
192 349 794 794
192 491 205 205
193 295 366 366
193 348 173 173
193 469 159 159
195 227 851 851
195 257 720 720
195 436 936 936
195 441 435 435
195 459 952 952
195 499 481 481
196 229 230 230
196 285 1163 1163
196 295 728 728
196 485 678 678
197 216 594 594
197 281 266 266
197 302 929 929
197 380 905 905
198 203 519 519
198 292 501 501
198 322 677 677
198 343 607 607
198 349 641 641
199 314 467 467
199 413 743 743
199 426 759 759
199 447 373 373
199 458 197 197
199 465 694 694
199 478 826 826
200 270 376 376
200 284 792 792
200 475 218 218
201 335 112 112
201 377 200 200
201 414 295 295
201 462 779 779
202 255 85 85
202 327 304 304
202 340 481 481
202 360 80 80
202 399 483 483
203 217 334 334
203 282 518 518
203 313 368 368
203 322 521 521
204 220 977 977
204 226 376 376
204 293 651 651
204 333 660 660
204 496 322 322
204 497 944 944
205 313 466 466
205 349 691 691
205 449 286 286
206 213 436 436
206 406 287 287
206 448 736 736
207 277 836 836
207 315 945 945
208 238 80 80
208 262 1079 1079
208 428 691 691
209 237 571 571
209 266 1043 1043
209 342 691 691
209 391 850 850
209 407 87 87
209 410 990 990
209 443 747 747
209 455 483 483
209 480 621 621
210 320 563 563
210 499 228 228
211 240 746 746
211 293 568 568
211 454 613 613
212 360 116 116
212 455 505 505
212 459 404 404
213 372 719 719
213 451 366 366
214 229 368 368
215 282 317 317
215 286 191 191
215 365 1003 1003
215 481 513 513
215 497 727 727
216 218 477 477
216 261 429 429
216 264 116 116
216 266 355 355
216 284 445 445
216 368 655 655
216 394 403 403
216 408 152 152
216 451 366 366
216 492 227 227
216 496 505 505
217 226 245 245
218 269 580 580
218 340 640 640
218 446 650 650
218 464 759 759
219 389 686 686
220 289 711 711
220 372 835 835
220 393 659 659
221 350 79 79
222 227 463 463
222 360 576 576
223 288 306 306
223 293 119 119
223 406 147 147
224 231 585 585
224 313 421 421
224 385 455 455
224 478 399 399
224 499 396 396
225 375 522 522
225 425 322 322
225 467 845 845
227 228 633 633
227 240 80 80
227 243 193 193
227 321 905 905
227 350 1177 1177
227 377 635 635
228 290 335 335
229 327 649 649
229 383 589 589
229 484 748 748
230 296 691 691
230 397 431 431
231 320 559 559
231 364 527 527
231 398 849 849
232 248 485 485
232 296 604 604
232 404 779 779
232 430 196 196
233 244 899 899
233 486 382 382
233 488 589 589
234 399 152 152
234 469 477 477
234 487 409 409
236 283 275 275
236 376 751 751
236 429 244 244
237 247 424 424
237 288 503 503
237 291 727 727
237 322 585 585
237 342 469 469
237 373 629 629
237 446 590 590
238 282 690 690
238 348 396 396
238 368 787 787
238 396 218 218
239 261 296 296
239 323 519 519
239 390 768 768
239 451 751 751
240 285 817 817
240 373 669 669
240 495 820 820
241 376 658 658
241 382 971 971
241 482 650 650
242 261 485 485
242 339 862 862
243 333 371 371
243 413 482 482
243 478 13 13
244 254 475 475
244 345 638 638
246 255 777 777
246 444 310 310
247 254 391 391
247 394 305 305
247 441 210 210
248 251 674 674
248 284 637 637
248 470 190 190
248 500 463 463
249 466 56 56
250 398 451 451
250 494 788 788
251 277 561 561
251 279 811 811
251 454 939 939
251 477 601 601
252 265 882 882
252 315 279 279
252 465 651 651
252 475 537 537
253 277 319 319
253 292 576 576
254 355 339 339
254 419 120 120
254 480 321 321
255 288 206 206
255 346 367 367
255 388 402 402
255 438 601 601
255 454 636 636
255 488 610 610
256 438 769 769
257 337 181 181
257 358 464 464
257 372 701 701
257 409 468 468
257 417 426 426
258 388 442 442
258 397 1033 1033
258 451 656 656
258 471 502 502
259 421 503 503
259 490 809 809
260 365 424 424
261 343 807 807
262 382 763 763
263 365 841 841
263 387 825 825
263 389 744 744
263 415 297 297
263 449 910 910
264 345 397 397
264 365 752 752
264 394 323 323
264 422 349 349
264 446 212 212
265 365 867 867
265 490 455 455
266 288 386 386
266 327 174 174
266 406 450 450
267 392 948 948
267 456 372 372
268 493 473 473
269 317 630 630
269 327 224 224
269 351 389 389
270 391 903 903
270 438 795 795
270 462 797 797
271 457 395 395
272 337 580 580
272 454 629 629
273 341 1073 1073
273 368 476 476
273 392 959 959
273 464 924 924
273 489 396 396
273 498 658 658
274 336 528 528
274 355 508 508
274 430 778 778
275 306 642 642
275 441 854 854
275 494 698 698
276 362 133 133
276 443 591 591
277 343 725 725
277 381 119 119
277 425 455 455
278 314 807 807
278 410 253 253
279 324 337 337
279 444 673 673
281 307 195 195
281 465 610 610
285 327 326 326
286 444 317 317
287 324 874 874
287 340 270 270
288 309 466 466
288 322 89 89
288 346 503 503
288 394 393 393
289 467 791 791
290 342 371 371
290 376 744 744
290 452 165 165
291 412 123 123
291 449 286 286
291 474 131 131
292 313 485 485
292 486 441 441
293 355 239 239
293 436 536 536
293 449 464 464
293 473 280 280
294 297 601 601
294 373 1027 1027
295 318 425 425
295 326 29 29
295 382 801 801
295 399 753 753
296 344 738 738
296 345 665 665
297 411 789 789
298 490 53 53
299 326 104 104
299 330 847 847
299 446 554 554
300 455 613 613
301 328 303 303
301 338 870 870
301 466 948 948
301 467 643 643
302 322 620 620
302 442 404 404
303 454 723 723
305 394 186 186
305 419 330 330
307 393 301 301
307 482 454 454
308 335 631 631
308 390 537 537
308 481 497 497
309 329 599 599
309 334 198 198
309 375 598 598
309 431 628 628
310 334 720 720
311 360 318 318
312 387 525 525
313 333 336 336
313 497 270 270
314 322 503 503
315 395 707 707
316 317 812 812
316 325 509 509
316 372 708 708
316 429 672 672
316 498 500 500
317 347 1038 1038
318 496 799 799
319 364 205 205
319 416 355 355
319 478 293 293
320 336 456 456
320 479 485 485
321 414 499 499
321 480 592 592
322 352 297 297
322 389 464 464
322 406 288 288
322 422 417 417
322 452 441 441
322 459 541 541
322 480 425 425
324 382 723 723
324 430 484 484
324 475 387 387
324 499 723 723
325 445 788 788
326 388 795 795
326 435 668 668
327 369 682 682
327 465 334 334
327 486 141 141
328 349 535 535
328 358 236 236
329 374 618 618
330 374 380 380
331 418 253 253
331 439 668 668
331 443 264 264
331 453 129 129
331 454 278 278
332 339 819 819
332 345 684 684
332 402 861 861
332 477 625 625
334 394 873 873
334 479 268 268
334 480 219 219
334 489 601 601
335 394 690 690
336 452 253 253
342 349 308 308
342 369 526 526
342 413 115 115
342 448 358 358
342 459 469 469
343 448 700 700
344 359 500 500
344 496 718 718
345 349 708 708
348 393 445 445
348 412 816 816
349 449 531 531
349 454 103 103
349 487 857 857
351 385 373 373
352 377 783 783
352 459 490 490
352 486 317 317
353 410 295 295
354 451 256 256
354 466 422 422
355 359 339 339
356 385 603 603
356 425 541 541
356 476 136 136
357 380 958 958
357 413 718 718
358 361 490 490
358 371 833 833
358 381 714 714
359 362 592 592
359 373 739 739
359 458 499 499
359 474 891 891
360 383 390 390
360 431 300 300
361 404 596 596
362 384 715 715
362 441 712 712
363 364 52 52
366 417 238 238
366 418 696 696
369 396 748 748
371 500 888 888
373 418 807 807
374 454 894 894
375 384 500 500
376 403 866 866
378 409 568 568
379 421 204 204
379 472 167 167
380 392 108 108
380 489 493 493
381 416 563 563
381 469 513 513
381 497 484 484
384 390 587 587
384 404 350 350
384 488 699 699
386 465 191 191
387 451 157 157
388 485 75 75
389 395 714 714
389 412 721 721
389 499 308 308
390 430 202 202
390 493 716 716
392 413 362 362
392 453 496 496
395 436 748 748
396 442 271 271
396 468 206 206
397 487 229 229
398 426 495 495
399 463 353 353
399 472 306 306
400 420 608 608
400 423 751 751
405 418 39 39
405 464 670 670
405 477 715 715
408 457 213 213
408 465 184 184
411 456 675 675
414 453 672 672
415 482 326 326
416 451 416 416
416 463 387 387
418 494 1108 1108
421 488 472 472
422 449 616 616
423 498 772 772
424 466 521 521
425 460 495 495
425 497 124 124
429 436 19 19
429 450 279 279
429 466 703 703
430 444 461 461
431 478 685 685
433 487 696 696
434 459 501 501
434 500 606 606
437 474 1153 1153
439 482 494 494
440 484 813 813
444 480 655 655
444 495 857 857
454 495 676 676
458 478 796 796
474 482 759 759
485 498 647 647
488 491 174 174
